
strategic_region={
	id=201
	name="STRATEGICREGION_201"
	provinces={
<<<<<<< HEAD
		2156 2162 2174 2182 2210 2212 2225 2226 5131 5146 5162 5166 5171 5179 5190 5192 5202 5228 5229 5230 8149 8157 8160 8191 8194 8199 8213 8217 8225 8231 10938 10940 10942 10952 10970 10987 11000 12869 12914 12930 12953 12969 12979 12983 12994 12997 13086 13134 13174 13175 13195 13749 13750 13755 13756 13770 13773 13783 13789 13790 13793 13799 13803 13805 13810 13811 13813 13814 13815 13818 13821 13825 13828 13833 13837 13838 13840 13843 13844 13845 13847 13849 13851 13854 13861 13862 13863 13864 13869 13874 13875 13880 13881 13883 13888 13889 13896 13903 13904 13907 13916 13917 13918 13921 13926 13927 13932 13933 13936 13941 13947 13952 13957 13965 13966 13970 13978 13981 13986 13987 13994 14000 14003 14005 14010 14011 14014 14016 14018 14019 14021 14029 14033 14035 14036 14037 14045 14047 14048 14051 14052 14055 14061 14062 14064 14068 14072 14077 14078 14079 14080 14082 14087 14088 14089 14092 14099 14102 14104 14105 14108 14111 14112 14119 14120 14121 14126 14130 14131 14132 14137 14138 14140 14147 14153 14154 14159 14163 14165 14167 14177 14178 14181 14186 14195 14196 14198 14201 14203 14204 14206 14209 14210 14214 14215 14224 14227 14229 14231 14233 14234 14235 14236 14239 14240 14247 14248 14249 14250 14252 14256 14261 14262 14263 14264 14265 14266 14270 14274 14277 14278 14285 14286 14287 14291 14292 14295 14298 14301 14303 14306 14309 14311 14325 14338 
=======
		2156 2162 2182 2210 2212 2225 2226 5120 5162 5166 5190 5202 8075 8149 8160 8191 8199 8213 10888 10940 10942 10970 11020 12825 12869 12953 12969 12983 12997 13086 13175 13286 13287 13288 13289 13290 13291 13316 13936 13941 13957 13965 13966 13978 13981 13986 14000 14003 14005 14010 14011 14014 14016 14018 14021 14029 14033 14035 14036 14037 14045 14047 14048 14051 14052 14055 14061 14062 14064 14068 14072 14077 14078 14079 14080 14082 14087 14088 14089 14092 14099 14102 14104 14105 14108 14111 14112 14119 14120 14121 14122 14125 14126 14127 14130 14131 14132 14137 14138 14140 14142 14143 14147 14153 14154 14155 14158 14159 14163 14165 14167 14168 14170 14171 14173 14177 14178 14181 14186 14187 14191 14192 14195 14196 14198 14201 14203 14204 14206 14209 14210 14214 14215 14224 14227 14229 14231 14233 14234 14235 14236 14239 14240 14247 14248 14249 14250 14252 14256 14261 14262 14263 14264 14265 14266 14267 14270 14274 14277 14278 14285 14286 14287 14288 14291 14292 14293 14295 14297 14298 14301 14303 14306 14308 14309 14311 14313 14314 14319 14320 14323 14325 14329 14332 14333 14335 14337 14338 14341 14344 
>>>>>>> Oscar's-branch
	}
	weather={
		period={
			between={ 0.0 30.0 }
			temperature={ -2.0 12.0 }
			no_phenomenon=0.500
			rain_light=0.250
			rain_heavy=0.100
			snow=0.000
			blizzard=0.000
			arctic_water=0.000
			mud=1.000
			sandstorm=0.000
			min_snow_level=0.000
		}
		period={
			between={ 0.1 27.1 }
			temperature={ -1.0 12.0 }
			no_phenomenon=0.500
			rain_light=0.250
			rain_heavy=0.100
			snow=0.000
			blizzard=0.000
			arctic_water=0.000
			mud=1.000
			sandstorm=0.000
			min_snow_level=0.000
		}
		period={
			between={ 0.2 30.2 }
			temperature={ -2.0 12.0 }
			no_phenomenon=0.500
			rain_light=0.250
			rain_heavy=0.100
			snow=0.000
			blizzard=0.000
			arctic_water=0.000
			mud=1.000
			sandstorm=0.000
			min_snow_level=0.000
		}
		period={
			between={ 0.3 29.3 }
			temperature={ -3.0 11.0 }
			no_phenomenon=0.500
			rain_light=0.250
			rain_heavy=0.100
			snow=0.000
			blizzard=0.000
			arctic_water=0.000
			mud=1.000
			sandstorm=0.000
			min_snow_level=0.000
		}
		period={
			between={ 0.4 30.4 }
			temperature={ -4.0 10.0 }
			no_phenomenon=0.500
			rain_light=0.250
			rain_heavy=0.100
			snow=0.000
			blizzard=0.000
			arctic_water=0.000
			mud=1.000
			sandstorm=0.000
			min_snow_level=0.000
		}
		period={
			between={ 0.5 29.5 }
			temperature={ -6.0 8.0 }
			no_phenomenon=0.500
			rain_light=0.250
			rain_heavy=0.100
			snow=0.000
			blizzard=0.000
			arctic_water=0.000
			mud=1.000
			sandstorm=0.000
			min_snow_level=0.000
		}
		period={
			between={ 0.6 30.6 }
			temperature={ -6.0 8.0 }
			no_phenomenon=0.500
			rain_light=0.250
			rain_heavy=0.100
			snow=0.000
			blizzard=0.000
			arctic_water=0.000
			mud=1.000
			sandstorm=0.000
			min_snow_level=0.000
		}
		period={
			between={ 0.7 30.7 }
			temperature={ -5.0 9.0 }
			no_phenomenon=0.500
			rain_light=0.250
			rain_heavy=0.100
			snow=0.000
			blizzard=0.000
			arctic_water=0.000
			mud=1.000
			sandstorm=0.000
			min_snow_level=0.000
		}
		period={
			between={ 0.8 29.8 }
			temperature={ -3.0 10.0 }
			no_phenomenon=0.500
			rain_light=0.250
			rain_heavy=0.100
			snow=0.000
			blizzard=0.000
			arctic_water=0.000
			mud=1.000
			sandstorm=0.000
			min_snow_level=0.000
		}
		period={
			between={ 0.9 30.9 }
			temperature={ -2.0 11.0 }
			no_phenomenon=0.500
			rain_light=0.250
			rain_heavy=0.100
			snow=0.000
			blizzard=0.000
			arctic_water=0.000
			mud=1.000
			sandstorm=0.000
			min_snow_level=0.000
		}
		period={
			between={ 0.10 29.10 }
			temperature={ -2.0 12.0 }
			no_phenomenon=0.500
			rain_light=0.250
			rain_heavy=0.100
			snow=0.000
			blizzard=0.000
			arctic_water=0.000
			mud=1.000
			sandstorm=0.000
			min_snow_level=0.000
		}
		period={
			between={ 0.11 30.11 }
			temperature={ -1.0 12.0 }
			no_phenomenon=0.500
			rain_light=0.250
			rain_heavy=0.100
			snow=0.000
			blizzard=0.000
			arctic_water=0.000
			mud=1.000
			sandstorm=0.000
			min_snow_level=0.000
		}
	}
}
